%YAML:1.0
---
nb_camera: 10
camera_0:
   camera_matrix: !!opencv-matrix
      rows: 3
      cols: 3
      dt: d
      data: [ 1002.7207257047867, 0., 1280.6877993735418, 0.,
          1001.970477869182, 883.39536134197624, 0., 0., 1. ]
   distortion_vector: !!opencv-matrix
      rows: 1
      cols: 4
      dt: d
      data: [ 0.22330219216176364, 0.050769487119016549,
          -0.25057380124223411, 0.14558804500812544 ]
   distortion_type: 1
   camera_group: 0
   img_width: 2592
   img_height: 1800
   camera_pose_matrix: !!opencv-matrix
      rows: 4
      cols: 4
      dt: d
      data: [ 1., 0., 0., 0., 0., 1., 0., 0., 0., 0., 1., 0., 0., 0., 0.,
          1. ]
camera_1:
   camera_matrix: !!opencv-matrix
      rows: 3
      cols: 3
      dt: d
      data: [ 999.44167097065827, 0., 1271.8020737848299, 0.,
          999.78076287534168, 871.39434251930663, 0., 0., 1. ]
   distortion_vector: !!opencv-matrix
      rows: 1
      cols: 4
      dt: d
      data: [ 0.23039101029138462, -0.0023367438203043545,
          -0.12018172415815133, 0.041050779998418274 ]
   distortion_type: 1
   camera_group: 0
   img_width: 2592
   img_height: 1800
   camera_pose_matrix: !!opencv-matrix
      rows: 4
      cols: 4
      dt: d
      data: [ 0.6714404032611484, -0.41315536578058865,
          -0.61519950308433624, 560.61150564539878, -0.32688524107521805,
          0.57990979691199029, -0.74622427366890876, 467.94640946386016,
          0.66506678163602695, 0.70214476511058743, 0.25432047654896978,
          957.90456372943265, 0., 0., 0., 1. ]
camera_2:
   camera_matrix: !!opencv-matrix
      rows: 3
      cols: 3
      dt: d
      data: [ 1000.5535584252493, 0., 1272.9952786594115, 0.,
          1000.512345796006, 878.74355743717933, 0., 0., 1. ]
   distortion_vector: !!opencv-matrix
      rows: 1
      cols: 4
      dt: d
      data: [ 0.24592177390867864, -0.062223499084464,
          -0.022783531888679154, -0.016141291497669588 ]
   distortion_type: 1
   camera_group: 0
   img_width: 2592
   img_height: 1800
   camera_pose_matrix: !!opencv-matrix
      rows: 4
      cols: 4
      dt: d
      data: [ 0.66097702377261092, 0.21155253003059765,
          -0.71996868062600783, 721.57001332319362, -0.27866972461839323,
          0.9600280778089757, 0.026254035870930344, -275.94630238723636,
          0.69674425625606007, 0.1832801594719306, 0.69350978689426834,
          539.74086488749356, 0., 0., 0., 1. ]
camera_3:
   camera_matrix: !!opencv-matrix
      rows: 3
      cols: 3
      dt: d
      data: [ 996.32094258233906, 0., 1283.429016218628, 0.,
          996.5496400619586, 883.58855819745008, 0., 0., 1. ]
   distortion_vector: !!opencv-matrix
      rows: 1
      cols: 4
      dt: d
      data: [ 0.22647295791746866, 0.012107608145980131,
          -0.14985924361334327, 0.056161252868230163 ]
   distortion_type: 1
   camera_group: 0
   img_width: 2592
   img_height: 1800
   camera_pose_matrix: !!opencv-matrix
      rows: 4
      cols: 4
      dt: d
      data: [ -0.28235414274253767, 0.4347940600291238,
          -0.85512002867405523, 1138.9284968670734, -0.32511460806012876,
          0.79526801632684985, 0.51171210053453475, -678.66250052240707,
          0.90253899068241661, 0.42249604444414335,
          -0.083189318587285524, 1384.1210974442154, 0., 0., 0., 1. ]
camera_4:
   camera_matrix: !!opencv-matrix
      rows: 3
      cols: 3
      dt: d
      data: [ 1007.1614613439931, 0., 969.79706173612374, 0.,
          1006.2913326115928, 545.06782581850825, 0., 0., 1. ]
   distortion_vector: !!opencv-matrix
      rows: 1
      cols: 5
      dt: d
      data: [ -0.075583537308717141, 0.039088298568930639,
          -0.004500935607166595, -0.0012841010843005582,
          -0.0079346206115448546 ]
   distortion_type: 0
   camera_group: 0
   img_width: 1920
   img_height: 1080
   camera_pose_matrix: !!opencv-matrix
      rows: 4
      cols: 4
      dt: d
      data: [ 0.45190275293714427, -0.45813883928739696,
          -0.76543628462741875, 1040.9289793678279, -0.42528836999732572,
          0.64361517652993672, -0.63630912840014819, 300.12201392537827,
          0.78416433496611415, 0.61308099666906579, 0.096010349913000573,
          1369.3029143268941, 0., 0., 0., 1. ]
camera_5:
   camera_matrix: !!opencv-matrix
      rows: 3
      cols: 3
      dt: d
      data: [ 1005.6259676829387, 0., 974.94182282945314, 0.,
          1006.5172488748318, 537.1599836171257, 0., 0., 1. ]
   distortion_vector: !!opencv-matrix
      rows: 1
      cols: 5
      dt: d
      data: [ -0.072300742681076821, 0.021723437710000286,
          -0.0076885042562693431, 0.0008217201683393833,
          0.0066297748172921478 ]
   distortion_type: 0
   camera_group: 0
   img_width: 1920
   img_height: 1080
   camera_pose_matrix: !!opencv-matrix
      rows: 4
      cols: 4
      dt: d
      data: [ 0.86419695928358031, -0.27285257655058842,
          -0.42274707217758356, 328.3726919817218, -0.14104515789870298,
          0.67513749774145904, -0.72408260756403431, 672.28933103805866,
          0.48298020559681709, 0.68537641527346627, 0.54496723790384827,
          586.57496564142059, 0., 0., 0., 1. ]
camera_6:
   camera_matrix: !!opencv-matrix
      rows: 3
      cols: 3
      dt: d
      data: [ 1393.3571508528928, 0., 959.31796489347846, 0.,
          1403.5886565507624, 551.61173075170848, 0., 0., 1. ]
   distortion_vector: !!opencv-matrix
      rows: 1
      cols: 5
      dt: d
      data: [ -0.41940726462484279, 0.26138762090724466,
          0.00035502477389152092, 0.00044079236865195788,
          -0.10272161609429709 ]
   distortion_type: 0
   camera_group: 0
   img_width: 1920
   img_height: 1080
   camera_pose_matrix: !!opencv-matrix
      rows: 4
      cols: 4
      dt: d
      data: [ -0.77453297986351377, -0.36126366658236891,
          0.51921789868147716, -757.96683274045313, 0.26941583523291834,
          0.55425543286952383, 0.78753795010803518, -1942.7833218500643,
          -0.57228818861609809, 0.74985963909393083,
          -0.33195895955437843, 2223.4449669534229, 0., 0., 0., 1. ]
camera_7:
   camera_matrix: !!opencv-matrix
      rows: 3
      cols: 3
      dt: d
      data: [ 1394.3334637569171, 0., 892.54841683800794, 0.,
          1407.0693858384682, 524.96184383257412, 0., 0., 1. ]
   distortion_vector: !!opencv-matrix
      rows: 1
      cols: 5
      dt: d
      data: [ -0.41144136547348298, 0.26106994359762914,
          5.4856835702934383e-05, 0.0022590477975604388,
          -0.11030184186439254 ]
   distortion_type: 0
   camera_group: 0
   img_width: 1920
   img_height: 1080
   camera_pose_matrix: !!opencv-matrix
      rows: 4
      cols: 4
      dt: d
      data: [ -0.4802155866739814, -0.48055060688311191,
          0.73380113419075388, -1749.4857902594406, 0.41717570650192265,
          0.61077480143104024, 0.67299225243794203, -1447.6457454023919,
          -0.77159407736191554, 0.62930537591947022,
          -0.092829540658501658, 1125.1274404821368, 0., 0., 0., 1. ]
camera_8:
   camera_matrix: !!opencv-matrix
      rows: 3
      cols: 3
      dt: d
      data: [ 370.28372244593351, 0., 316.80829675547471, 0.,
          371.1270723854895, 249.00918048953639, 0., 0., 1. ]
   distortion_vector: !!opencv-matrix
      rows: 1
      cols: 4
      dt: d
      data: [ -0.072595411140585778, -0.052247470368404929,
          0.04438449411270956, -0.015707617269821322 ]
   distortion_type: 1
   camera_group: 0
   img_width: 640
   img_height: 480
   camera_pose_matrix: !!opencv-matrix
      rows: 4
      cols: 4
      dt: d
      data: [ 0.95035087197387424, -0.24812522631923675,
          -0.18779534659443631, 283.89395312379958, 0.025746537619536918,
          0.66412174054479989, -0.74718098847357683, 674.2244387628042,
          0.31011342431294825, 0.70524902396229727, 0.63753704069734196,
          492.47847238399902, 0., 0., 0., 1. ]
