%YAML:1.0
---
nb_camera: 10
camera_0: # OMS Fisheye (index: 0)
   camera_matrix: !!opencv-matrix
      rows: 3
      cols: 3
      dt: d
      data: [ 1000.668350706683, 0., 1273.1298780558946, 0.,
          1000.5123122672463, 878.7074642588525, 0., 0., 1. ]
   distortion_vector: !!opencv-matrix
      rows: 1
      cols: 4
      dt: d
      data: [ 0.24613443370643914, -0.066487656055509353,
          -0.009336747881947223, -0.028603665166479757 ]
   distortion_type: 1
   camera_group: 0
   img_width: 2592
   img_height: 1800
   camera_pose_matrix: !!opencv-matrix
      rows: 4
      cols: 4
      dt: d
      data: [ 1., 0., 0., 0., 0., 1., 0., 0., 0., 0., 1., 0., 0., 0., 0.,
          1. ]
camera_1: # OMS Fisheye (index: 2)
   camera_matrix: !!opencv-matrix
      rows: 3
      cols: 3
      dt: d
      data: [ 999.70276184483851, 0., 1271.6024425952126, 0.,
          999.99650272028373, 870.94298115800564, 0., 0., 1. ]
   distortion_vector: !!opencv-matrix
      rows: 1
      cols: 4
      dt: d
      data: [ 0.22868699637536552, 0.0042970846653535826,
          -0.12931074023340031, 0.045078841706898055 ]
   distortion_type: 1
   camera_group: 0
   img_width: 2592
   img_height: 1800
   camera_pose_matrix: !!opencv-matrix
      rows: 4
      cols: 4
      dt: d
      data: [ 0.99828760833885044, 0.054305208567106619,
          -0.021743857973708682, -22.419047968682275,
          -0.049942086202492145, 0.59769255098911123,
          -0.80016835885822901, 756.95082856363513,
          -0.030457167675944662, 0.79988409086230217,
          0.59938118265636908, 425.13155165342602, 0., 0., 0., 1. ]
camera_2: # OMS Fisheye (index: 4)
   camera_matrix: !!opencv-matrix
      rows: 3
      cols: 3
      dt: d
      data: [ 1003.1730559216734, 0., 1280.6016330304085, 0.,
          1002.4337091014525, 883.25486153731629, 0., 0., 1. ]
   distortion_vector: !!opencv-matrix
      rows: 1
      cols: 4
      dt: d
      data: [ 0.21845514066021865, 0.089523498631916845,
          -0.35622385565708459, 0.23109060147460322 ]
   distortion_type: 1
   camera_group: 0
   img_width: 2592
   img_height: 1800
   camera_pose_matrix: !!opencv-matrix
      rows: 4
      cols: 4
      dt: d
      data: [ 0.66108596632029271, -0.27873538495468292,
          0.69661462108437644, -930.26530987436502, 0.21155760546910554,
          0.96001165906088126, 0.183360284782045, 12.948472374309928,
          -0.71986715767740306, 0.026157210121476669,
          0.69361882590953217, 151.94030020137313, 0., 0., 0., 1. ]
camera_3: # OMS Fisheye (index: 6)
   camera_matrix: !!opencv-matrix
      rows: 3
      cols: 3
      dt: d
      data: [ 996.19946609698957, 0., 1284.2164187747737, 0.,
          996.30521860968793, 883.83074613692031, 0., 0., 1. ]
   distortion_vector: !!opencv-matrix
      rows: 1
      cols: 4
      dt: d
      data: [ 0.2276362263078571, 0.0092253720175113872,
          -0.14771587012961282, 0.055885198073223494 ]
   distortion_type: 1
   camera_group: 0
   img_width: 2592
   img_height: 1800
   camera_pose_matrix: !!opencv-matrix
      rows: 4
      cols: 4
      dt: d
      data: [ 0.53327756641518287, 0.36030398078381054,
          -0.76537316296669278, 976.17854931356942, -0.20668278012476504,
          0.93283460291516562, 0.29513019500553145, -143.43911805402928,
          0.82030315466795467, 0.00080314098665272159,
          0.57192839534889095, 274.72195449708954, 0., 0., 0., 1. ]
camera_4: # Anker Pinhole (index: 8)
   camera_matrix: !!opencv-matrix
      rows: 3
      cols: 3
      dt: d
      data: [ 1006.4112303635139, 0., 968.75229335309939, 0.,
          1005.9854900486642, 544.54365600785957, 0., 0., 1. ]
   distortion_vector: !!opencv-matrix
      rows: 1
      cols: 5
      dt: d
      data: [ -0.072424058650613216, 0.032662279892735943,
          -0.0049127793373836184, -0.0016888282859867879,
          -0.0040981297977310078 ]
   distortion_type: 0
   camera_group: 0
   img_width: 1920
   img_height: 1080
   camera_pose_matrix: !!opencv-matrix
      rows: 4
      cols: 4
      dt: d
      data: [ 0.96326047303198004, -0.055531636604135633,
          -0.26276510124115066, 628.44700023783525, -0.16949181475925862,
          0.63324846989626837, -0.75516150597315812, 772.19658919208723,
          0.20833095263022997, 0.77195376332400956, 0.60057106279447048,
          360.34669709549775, 0., 0., 0., 1. ]
camera_5: # Anker Pinhole (index: 10)
   camera_matrix: !!opencv-matrix
      rows: 3
      cols: 3
      dt: d
      data: [ 1005.5701986640582, 0., 976.30327044281398, 0.,
          1006.4602820127562, 536.98032593385926, 0., 0., 1. ]
   distortion_vector: !!opencv-matrix
      rows: 1
      cols: 5
      dt: d
      data: [ -0.071869058168210487, 0.022125526437635757,
          -0.0076213862750560343, 0.0011301372454833336,
          0.0057309452166660196 ]
   distortion_type: 0
   camera_group: 0
   img_width: 1920
   img_height: 1080
   camera_pose_matrix: !!opencv-matrix
      rows: 4
      cols: 4
      dt: d
      data: [ 0.94673832063202956, 0.10898783841451821,
          0.30299868535123292, -491.46330626153656, 0.1367414727436618,
          0.71584093953131434, -0.68474339640687287, 836.02124544519984,
          -0.29152756624158027, 0.68970529965243565, 0.66281089139558125,
          340.06782046954504, 0., 0., 0., 1. ]
camera_6: # CCTV Pinhole (net: 1)
   camera_matrix: !!opencv-matrix
      rows: 3
      cols: 3
      dt: d
      data: [ 1394.5957807561888, 0., 958.74500166610699, 0.,
          1404.9668068248047, 555.20462610570939, 0., 0., 1. ]
   distortion_vector: !!opencv-matrix
      rows: 1
      cols: 5
      dt: d
      data: [ -0.41769643352953612, 0.25445773410103223,
          -1.2780172776273487e-05, 0.00050445572790899058,
          -0.096652284531142732 ]
   distortion_type: 0
   camera_group: 0
   img_width: 1920
   img_height: 1080
   camera_pose_matrix: !!opencv-matrix
      rows: 4
      cols: 4
      dt: d
      data: [ -0.98580347756608722, 0.12947809475858663,
          -0.10689680348960764, 659.83036837608643,
          -0.0098345182828659828, 0.59103727524671912,
          0.80658429287897637, -1605.6979376834024, 0.16761499297125332,
          0.79618487943857674, -0.58137324661926604, 2190.1733759689978,
          0., 0., 0., 1. ]
camera_7: # CCTV Pinhole (net: 2)
   camera_matrix: !!opencv-matrix
      rows: 3
      cols: 3
      dt: d
      data: [ 1395.8112776021057, 0., 895.77357834609677, 0.,
          1408.4420526057102, 522.74286341290906, 0., 0., 1. ]
   distortion_vector: !!opencv-matrix
      rows: 1
      cols: 5
      dt: d
      data: [ -0.41497026814426491, 0.26389788187134555,
          0.00036737516526464959, 0.0015406335090577274,
          -0.1122178180041801 ]
   distortion_type: 0
   camera_group: 0
   img_width: 1920
   img_height: 1080
   camera_pose_matrix: !!opencv-matrix
      rows: 4
      cols: 4
      dt: d
      data: [ -0.97164438233867023, -0.048978129866226794,
          0.23131869155887674, -900.82543764430659, 0.15615925748400469,
          0.60166634449020118, 0.78333383446002214, -1541.2227557705858,
          -0.1775428978352783, 0.79724447486489625, -0.57695733527328286,
          2156.0788558184418, 0., 0., 0., 1. ]
