board_name: tv_1
T_net1_board:
 -0.504535 -0.0111223  -0.863319   -679.622
    0.4139  -0.880646  -0.230543   -129.662
 -0.757714  -0.473645   0.448921    2860.65
         0          0          0          1

board_name: tv_2
T_net1_board:
 -0.978516 -0.0170792  -0.205464    900.275
  0.113752  -0.875879  -0.468932   -330.648
 -0.171953  -0.482229   0.859004     3249.9
         0          0          0          1

board_name: tv_3
T_net1_board:
 -0.858353 -0.0339518   0.511935    2174.64
 -0.222646  -0.874309  -0.431292   -59.2333
  0.462233  -0.484181   0.742906    2656.77
         0          0          0          1
