board_name: tv_1
T_net1_board:
  -0.51220160   -0.01606844   -0.85871493 -649.27240765
   0.41370174   -0.88080740   -0.23028072 -130.24335167
  -0.75266220   -0.47320201    0.45779850 2868.20136331
   0.00000000    0.00000000    0.00000000    1.00000000

board_name: tv_2
T_net1_board:
  -0.98022603   -0.02042590   -0.19682410  932.04949588
   0.11257119   -0.87558605   -0.46976250 -331.13267284
  -0.16274110   -0.48263015    0.86057159 3248.46174134
   0.00000000    0.00000000    0.00000000    1.00000000

board_name: tv_3
T_net1_board:
  -0.85364990   -0.03571020    0.51962161 2198.38359339
  -0.22565539   -0.87379756   -0.43076381  -56.92923050
   0.46942676   -0.48497690    0.73785901 2654.52493370
   0.00000000    0.00000000    0.00000000    1.00000000

